 Zbb    980     1199    2600    960     1200    0.10   1        1       1               1
 Jbb    1180    1440    2600    1160    1440    0.12   1        1       1               1
 Hbb    1473    1803    2600    1440    1800    0.15   1450.7   1       0.212           0.6
 Kbb    1965    2381    2600    1910    2400    0.20   1936     1       0.2803          0.6
 Zn1    1019    1070    700     980     1036    0.10     1      1       1               1
 Zn2    1060    1113    700     1021    1079    0.10     1      1       1               1
 Zn3    1103    1158    700     1065    1125    0.10     1      1       1               1
 Zn4    1148    1204    700     1110    1172    0.10     1      1       1               1
 Jn1    1174    1232    700     1156    1222    0.12     1      1       1               1
 Jn2    1228    1289    700     1205    1274    0.12     1      1       1               1
 Jn3    1275    1339    700     1256    1327    0.12     1      1       1               1
 Jn4    1323    1389    700     1309    1383    0.12     1      1       1               1
 Hn1    1466    1541    700     1470    1553    0.15     1      1       1               1
 Hn2    1532    1610    700     1526    1613    0.15     1      1       1               1
 Hn3    1594    1676    700     1585    1674    0.15  1587.  1688.      0.211           0.6
 Hn4    1652    1737    700     1645    1739    0.15     1      1       1               1
 Hn5    1721    1808    700     1708    1805    0.15     1      1       1               1
 Kn1    1955    2055    700     1960    2071    0.20     1      1       1               1
 Kn2    2036    2141    700     2025    2150    0.20   2025     1       0.28            0.6
 Kn3    2121    2229    700     2103    2233    0.20   2106.8   1       0.2868          0.6
 Kn4    2208    2320    700     2184    2318    0.20   2194     1       0.28            0.6
 Kn5    2292    2408    700     2270    2407    0.20   2287     1       0.28            0.6
